[[[-0.27071232  0.10484805  0.25052783]
  [-0.9252      0.5671437  -1.0401802 ]
  [-0.15367596  0.7898518  -1.2262158 ]
  ...
  [-0.68664473 -0.78496814  1.1879839 ]
  [ 0.4599956  -0.99892455  0.72073275]
  [-1.8536096  -0.9206984   1.9139065 ]]

 [[ 0.691186   -0.16607103  0.11616749]
  [-1.1536223  -0.7893819   1.145347  ]
  [ 1.3071338  -1.3576775   0.69579273]
  ...
  [ 1.2891185  -0.5252418   0.24163328]
  [-1.5973123   1.3177239   0.7049835 ]
  [-0.92236686  0.47299364 -1.3629375 ]]

 [[ 1.3340307  -0.11774713 -1.9260784 ]
  [-0.46544772 -2.0084307  -1.5672014 ]
  [ 0.29406345  0.3233071   0.36787614]
  ...
  [-0.42938498  0.8585939  -1.1384029 ]
  [ 0.15159617  0.15112914  2.344066  ]
  [ 0.13291411  0.37469506 -0.34335822]]

 [[ 2.2786875   0.563331   -1.7552422 ]
  [-2.0939438  -1.5031384  -1.1124843 ]
  [ 0.67683184  0.4296303  -0.29984447]
  ...
  [-1.6386297  -0.12129834 -0.21439107]
  [-0.13458212 -1.217012    0.7732862 ]
  [-1.1120783   0.66314965  1.2738729 ]]]
